//
//  CustomLevels.swift
//  MinePuzzles
//
//  Created by andy juers on 6/27/18.
//  Copyright © 2018 andy juers. All rights reserved.
//

let introLevels = [                                                                                               // 1, 2, 3, 4, 5, 6, 7, 8, 9,10,11,12
    {"rows": 3, "columns": 3, "board": [0, 0, 1,
                                                             0, 2, 1,
                                                             1, 1, 1]},
    
    {"rows": 3, "columns": 4, "board": [0, 0, 0, 1,
                                                             0, 2, 2, 1,
                                                             1, 1, 1, 1]},
    
    {"rows": 2, "columns": 5, "board": [0, 2, 2, 2, 0,
                                                             1, 1, 1, 1, 1]},
    
    {"rows": 6, "columns": 5, "board": [0, 2, 0, 2, 0,
                                                             0, 1, 1, 1, 0,
                                                             0, 1, 0, 1, 0,
                                                             0, 1, 2, 1, 0,
                                                             0, 1, 1, 1, 0,
                                                             0, 0, 2, 0, 0]},
    
    {"rows": 6, "columns": 5, "board": [0, 0, 2, 0, 0,
                                                             0, 1, 1, 1, 0,
                                                             0, 1, 0, 1, 0,
                                                             0, 1, 2, 1, 0,
                                                             0, 1, 1, 1, 0,
                                                             0, 2, 0, 0, 0]},
    
    {"rows": 5, "columns": 6, "board": [0, 2, 0, 0, 0, 0,
                                                             0, 1, 1, 1, 1, 0,
                                                             0, 1, 2, 0, 1, 2,
                                                             2, 1, 1, 1, 1, 0,
                                                             0, 0, 0, 0, 0, 0]},
    
    {"rows": 6, "columns": 6, "board": [0, 0, 2, 2, 0, 0,
                                                             0, 1, 1, 1, 1, 0,
                                                             2, 1, 1, 1, 1, 2,
                                                             2, 1, 1, 1, 1, 2,
                                                             0, 1, 1, 1, 1, 0,
                                                             0, 0, 2, 2, 0, 0]},
    
    {"rows": 4, "columns": 4, "board": [1, 2, 0, 0,
                                                             2, 0, 1, 0,
                                                             0, 1, 0, 0,
                                                             0, 0, 2, 1]},
    
    {"rows": 4, "columns": 4, "board": [0, 0, 0, 2,
                                                             2, 1, 0, 1,
                                                             1, 0, 1, 2,
                                                             2, 2, 0, 0]},
    
    {"rows": 5, "columns": 5, "board": [1, 2, 1, 2, 2,
                                                              2, 2, 1, 1, 2,
                                                              1, 1, 1, 1, 1,
                                                              1, 2, 1, 2, 2,
                                                              2, 2, 1, 1, 2]},
    
    {"rows": 6, "columns": 6, "board": [0, 2, 2, 2, 2, 0,
                                                              2, 2, 1, 1, 2, 2,
                                                              2, 1, 2, 2, 1, 2,
                                                              2, 1, 2, 2, 1, 2,
                                                              2, 2, 1, 1, 2, 2,
                                                              0, 2, 2, 2, 2, 0]}

];

let levelOne = [ //38
    {"rows": 5, "columns": 5, "board": [2, 2, 0, 1, 2,
                                                             1, 1, 0, 1, 2,
                                                             0, 0, 0, 0, 0,
                                                             2, 1, 0, 1, 1,
                                                             2, 1, 0, 2, 2]},
    
    {"rows": 5, "columns": 5, "board": [1, 0, 2, 2, 1,
                                                             0, 2, 1, 2, 0,
                                                             1, 2, 0, 0, 1,
                                                             2, 0, 1, 0, 2,
                                                             1, 0, 0, 0, 1]},
    
    {"rows": 5, "columns": 5, "board": [2, 0, 0, 2, 2,
                                                             1, 0, 1, 2, 1,
                                                             0, 0, 2, 2, 0,
                                                             1, 2, 1, 0, 1,
                                                             0, 2, 2, 0, 0]},
    
    {"rows": 5, "columns": 5, "board": [0, 0, 1, 2, 0,
                                                             1, 0, 2, 0, 1,
                                                             2, 0, 1, 2, 2,
                                                             1, 2, 0, 0, 1,
                                                             2, 2, 1, 2, 2]},
    
    {"rows": 5, "columns": 5, "board": [0, 2, 1, 0, 0,
                                                             2, 1, 0, 1, 0,
                                                             1, 0, 2, 0, 1,
                                                             0, 1, 0, 1, 2,
                                                             0, 0, 1, 2, 2]},
    
    {"rows": 5, "columns": 5, "board": [0, 1, 0, 2, 0,
                                                             2, 2, 1, 1, 2,
                                                             1, 2, 0, 1, 0,
                                                             0, 1, 2, 0, 1,
                                                             0, 0, 1, 1, 2]},
    
    {"rows": 5, "columns": 5, "board": [1, 2, 0, 1, 0,
                                                             0, 0, 2, 0, 1,
                                                             1, 0, 1, 2, 1,
                                                             2, 1, 1, 0, 1,
                                                             2, 0, 0, 2, 2]},
    
    {"rows": 5, "columns": 5, "board": [2, 1, 0, 1, 0,
                                                             0, 1, 0, 2, 2,
                                                             2, 1, 2, 2, 1,
                                                             0, 0, 0, 1, 2,
                                                             2, 1, 0, 0, 0]},
    
    {"rows": 5, "columns": 5, "board": [1, 2, 1, 1, 2,
                                                             0, 0, 0, 1, 2,
                                                             1, 0, 1, 0, 0,
                                                             0, 2, 1, 2, 1,
                                                             1, 2, 2, 0, 0]},
    
    {"rows": 5, "columns": 5, "board": [2, 1, 2, 1, 2,
                                                              2, 0, 0, 0, 0,
                                                              0, 0, 1, 1, 1,
                                                              1, 2, 0, 2, 0,
                                                              0, 2, 1, 1, 0]},
    
    {"rows": 5, "columns": 5, "board": [2, 1, 0, 1, 0,
                                                              1, 0, 1, 0, 2,
                                                              2, 2, 2, 1, 1,
                                                              0, 1, 2, 1, 0,
                                                              0, 0, 1, 2, 0]},
    
    {"rows": 5, "columns": 5, "board": [1, 0, 0, 2, 2,
                                                              0, 2, 1, 2, 1,
                                                              2, 0, 1, 0, 1,
                                                              2, 1, 1, 0, 0,
                                                              2, 0, 0, 2, 1]},
    
    {"rows": 5, "columns": 5, "board": [1, 0, 0, 2, 2,
                                                              0, 2, 1, 2, 1,
                                                              2, 0, 1, 0, 1,
                                                              2, 1, 1, 0, 0,
                                                              2, 0, 0, 2, 1]},
    
    {"rows": 5, "columns": 5, "board": [1, 0, 0, 0, 0,
                                                              2, 2, 1, 0, 1,
                                                              2, 1, 0, 0, 2,
                                                              2, 2, 1, 1, 0,
                                                              0, 1, 0, 2, 0]},
    
    {"rows": 5, "columns": 5, "board": [1, 2, 1, 1, 2,
                                                              0, 2, 0, 2, 2,
                                                              0, 1, 2, 0, 1,
                                                              0, 1, 0, 2, 2,
                                                              0, 0, 0, 1, 1,]},
    
    {"rows": 5, "columns": 5, "board": [2, 2, 0, 1, 1,
                                                              1, 0, 0, 1, 2,
                                                              2, 1, 2, 2, 0,
                                                              1, 0, 1, 0, 1,
                                                              0, 1, 2, 0, 0]},
    
    {"rows": 5, "columns": 5, "board": [0, 0, 2, 0, 0,    // replaced
                                                              0, 1, 2, 1, 1,
                                                              0, 1, 2, 2, 2,
                                                              0, 0, 2, 1, 0,
                                                              0, 1, 0, 0, 0]},
    
    {"rows": 5, "columns": 5, "board": [2, 0, 1, 1, 1,
                                                              2, 1, 0, 2, 0,
                                                              2, 0, 1, 1, 2,
                                                              1, 2, 1, 2, 2,
                                                              1, 0, 0, 1, 0]},
    
    {"rows": 5, "columns": 5, "board": [0, 1, 2, 2, 2,
                                                              1, 2, 2, 0, 1,
                                                              1, 2, 1, 0, 2,
                                                              1, 0, 2, 1, 1,
                                                              2, 0, 1, 0, 0]},
    
    {"rows": 5, "columns": 5, "board": [2, 1, 0, 0, 0,
                                                              2, 2, 0, 1, 0,
                                                              2, 1, 2, 0, 0,
                                                              0, 0, 2, 1, 2,
                                                              0, 1, 0, 2, 1]},
    
    {"rows": 5, "columns": 5, "board": [0, 0, 2, 1, 0,
                                                              1, 2, 1, 2, 0,
                                                              0, 0, 0, 0, 1,
                                                              2, 1, 2, 1, 0,
                                                              2, 2, 0, 0, 0]},
    
    {"rows": 5, "columns": 5, "board": [1, 2, 1, 2, 1,
                                                              0, 1, 0, 0, 2,
                                                              2, 1, 0, 1, 0,
                                                              1, 1, 0, 0, 0,
                                                              0, 0, 2, 1, 0]},
    
    {"rows": 5, "columns": 5, "board": [0, 1, 1, 1, 0,
                                                              0, 2, 0, 2, 0,
                                                              2, 1, 0, 1, 0,
                                                              1, 2, 2, 0, 0,
                                                              0, 0, 2, 1, 2]},
    
    {"rows": 5, "columns": 5, "board": [0, 2, 0, 0, 0,
                                                              2, 1, 1, 1, 0,
                                                              1, 0, 0, 1, 2,
                                                              0, 1, 1, 2, 0,
                                                              1, 2, 2, 1, 2]},
    
    {"rows": 5, "columns": 5, "board": [1, 2, 1, 2, 1,
                                                              2, 2, 1, 0, 1,
                                                              0, 2, 2, 2, 1,
                                                              1, 0, 0, 0, 0,
                                                              0, 1, 2, 1, 0]},
    
    {"rows": 5, "columns": 5, "board": [0, 1, 1, 2, 0,
                                                              0, 1, 2, 1, 2,
                                                              2, 2, 2, 1, 2,
                                                              2, 2, 2, 2, 0,
                                                              1, 1, 1, 0, 1]},
    
    {"rows": 5, "columns": 5, "board": [2, 0, 2, 2, 2,
                                                              1, 2, 1, 1, 1,
                                                              2, 1, 0, 0, 1,
                                                              2, 2, 2, 1, 2,
                                                              0, 1, 0, 1, 2]},
    
    {"rows": 5, "columns": 5, "board": [2, 2, 1, 1, 2,
                                                              1, 2, 2, 0, 0,
                                                              2, 0, 1, 0, 1,
                                                              1, 0, 2, 2, 1,
                                                              0, 0, 1, 2, 2]},
    
    {"rows": 5, "columns": 5, "board": [1, 0, 2, 2, 1,
                                                              2, 1, 1, 0, 2,
                                                              2, 2, 0, 1, 1,
                                                              2, 1, 0, 2, 2,
                                                              2, 2, 1, 1, 2]},
    
    {"rows": 5, "columns": 5, "board": [2, 0, 2, 0, 2,
                                                              0, 1, 1, 1, 2,
                                                              2, 1, 0, 0, 1,
                                                              2, 1, 0, 0, 1,
                                                              2, 1, 0, 1, 2]},
    
    {"rows": 5, "columns": 5, "board": [2, 2, 1, 2, 2,
                                                              1, 0, 0, 1, 2,
                                                              2, 1, 0, 0, 1,
                                                              0, 2, 1, 2, 0,
                                                              2, 1, 1, 1, 2]},
    
   {"rows": 5, "columns": 5, "board": [2, 0, 2, 1, 2,
                                                              2, 1, 1, 0, 0,
                                                              2, 2, 1, 0, 1,
                                                              2, 0, 1, 1, 2,
                                                              1, 2, 1, 2, 2]},
    
   {"rows": 5, "columns": 5, "board": [1, 2, 1, 1, 2,
                                                              2, 2, 2, 0, 2,
                                                              1, 1, 2, 1, 2,
                                                              2, 2, 0, 1, 0,
                                                              0, 1, 2, 1, 2]},
    
   {"rows": 5, "columns": 5, "board": [0, 1, 2, 2, 2,    // fixed from author's website
                                                              2, 2, 0, 1, 2,
                                                              1, 1, 2, 2, 2,
                                                              1, 2, 0, 1, 2,
                                                              2, 2, 1, 2, 2]},
    
   {"rows": 5, "columns": 5, "board": [0, 2, 0, 2, 0,    // fixed from author's email
                                                              1, 2, 1, 1, 1,
                                                              0, 2, 0, 2, 1,
                                                              2, 1, 1, 0, 1,
                                                              2, 2, 2, 2, 2]},
    
   {"rows": 5, "columns": 5, "board": [2, 1, 0, 1, 0,
                                                              0, 2, 0, 2, 0,
                                                              1, 0, 1, 0, 1,
                                                              0, 0, 2, 1, 2,
                                                              2, 1, 0, 1, 0]},
    
   {"rows": 5, "columns": 5, "board": [0, 0, 0, 0, 1,    // level 52 on website
                                                              2, 2, 1, 1, 2,
                                                              1, 1, 0, 2, 2,
                                                              1, 1, 2, 1, 2,
                                                              2, 2, 0, 2, 1]},
    
   {"rows": 5, "columns": 5, "board": [0, 0, 0, 0, 0,
                                                              2, 1, 1, 2, 2,
                                                              2, 1, 0, 1, 2,
                                                              2, 2, 1, 1, 1,
                                                              2, 1, 2, 2, 0]},

];

let levelTwo = [ //31
    
    {"rows": 6, "columns": 6, "board": [0, 0, 0, 1, 0, 0,      // Starting at #36 on the website
                                                             2, 1, 2, 2, 0, 1,
                                                             1, 0, 2, 1, 2, 2,
                                                             0, 0, 1, 0, 2, 1,
                                                             1, 0, 0, 0, 1, 0,
                                                             0, 2, 1, 0, 0, 0,]},
    
    {"rows": 6, "columns": 6, "board": [0, 0, 2, 1, 2, 0,
                                                             0, 1, 0, 2, 1, 0,
                                                             0, 0, 1, 0, 2, 1,
                                                             1, 0, 2, 1, 2, 0,
                                                             2, 1, 2, 0, 1, 0,
                                                             0, 0, 1, 0, 0, 0,]},
    
    {"rows": 6, "columns": 6, "board": [2, 0, 1, 0, 1, 2,
                                                             1, 2, 0, 2, 2, 0,
                                                             0, 0, 1, 1, 2, 1,
                                                             1, 0, 1, 1, 2, 0,
                                                             0, 2, 2, 2, 0, 1,
                                                             2, 1, 0, 1, 2, 2,]},
    
    {"rows": 6, "columns": 6, "board": [2, 2, 0, 1, 2, 2,
                                                             1, 0, 1, 0, 1, 2,
                                                             0, 1, 0, 0, 2, 2,
                                                             0, 0, 2, 0, 1, 0,
                                                             0, 1, 0, 1, 0, 1,
                                                             0, 0, 1, 2, 2, 0,]},
    
    {"rows": 6, "columns": 6, "board": [1, 0, 2, 2, 0, 1,
                                                             0, 2, 1, 1, 0, 2,
                                                             0, 1, 2, 0, 1, 0,
                                                             0, 1, 2, 0, 1, 0,
                                                             0, 2, 1, 1, 2, 0,
                                                             1, 2, 2, 2, 0, 1,]},
    
    {"rows": 6, "columns": 7, "board": [0, 1, 2, 0, 1, 2, 0,
                                                             0, 1, 0, 0, 1, 1, 2,
                                                             0, 1, 2, 0, 0, 1, 0,
                                                             0, 1, 0, 0, 0, 1, 2,
                                                             2, 1, 1, 1, 1, 1, 0,
                                                             0, 0, 0, 2, 0, 0, 2]},
    
    {"rows": 6, "columns": 6, "board": [2, 2, 2, 1, 2, 1,      // level 54
                                                             2, 1, 0, 2, 1, 2,
                                                             0, 0, 1, 2, 0, 1,
                                                             1, 2, 2, 1, 2, 0,
                                                             0, 1, 2, 0, 1, 2,
                                                             1, 2, 1, 0, 2, 2,]},
    
    {"rows": 6, "columns": 6, "board": [0, 2, 1, 1, 0, 1,  // 1
                                                             0, 1, 2, 2, 0, 2,  // 3
                                                             0, 0, 1, 0, 2, 1,  // 1
                                                             1, 0, 0, 0, 2, 1,  // 1
                                                             2, 2, 2, 2, 1, 0,  // 4
                                                             1, 0, 1, 1, 0, 0,]},//1
    
    {"rows": 6, "columns": 6, "board": [2, 2, 2, 0, 2, 0,
                                                             2, 1, 1, 1, 1, 2,
                                                             0, 1, 0, 0, 1, 2,
                                                             0, 1, 2, 0, 1, 0,
                                                             0, 1, 1, 1, 1, 0,
                                                             2, 0, 2, 0, 0, 0,]},
    
    {"rows": 6, "columns": 6, "board": [2, 1, 2, 2, 1, 0,
                                                              1, 0, 0, 0, 2, 1,
                                                              0, 2, 1, 1, 0, 2,
                                                              0, 0, 1, 1, 0, 0,
                                                              1, 0, 0, 2, 0, 1,
                                                              0, 1, 2, 2, 1, 2,]},
    
    {"rows": 7, "columns": 7, "board": [2, 2, 2, 2, 0, 0, 0,
                                                              1, 0, 1, 1, 0, 1, 0,
                                                              0, 1, 0, 0, 2, 0, 0,
                                                              0, 0, 0, 1, 2, 1, 2,
                                                              2, 1, 2, 0, 0, 1, 2,
                                                              1, 2, 0, 0, 1, 0, 2,
                                                              0, 1, 2, 0, 0, 1, 2,]},
    
    {"rows": 6, "columns": 6, "board": [0, 0, 0, 2, 1, 2,
                                                              1, 2, 1, 2, 1, 1,
                                                              0, 0, 1, 2, 0, 0,
                                                              1, 1, 2, 1, 1, 2,
                                                              0, 2, 2, 0, 0, 2,
                                                              1, 1, 1, 1, 2, 2,]},
    
    {"rows": 6, "columns": 6, "board": [1, 2, 0, 2, 1, 2,
                                                              2, 1, 2, 0, 1, 1,
                                                              0, 0, 2, 1, 2, 0,
                                                              1, 2, 1, 2, 2, 1,
                                                              2, 0, 1, 0, 0, 2,
                                                              2, 2, 1, 2, 1, 0]},
    
    {"rows": 7, "columns": 7, "board": [1, 2, 1, 0, 2, 1, 2,  // level 65
                                                              0, 0, 0, 0, 0, 0, 1,
                                                              0, 1, 0, 0, 1, 0, 0,
                                                              0, 0, 2, 1, 0, 0, 2,
                                                              0, 1, 2, 0, 0, 2, 1,
                                                              0, 0, 2, 0, 1, 0, 2,
                                                              0, 0, 0, 1, 0, 0, 1]},
    
    {"rows": 7, "columns": 7, "board": [0, 2, 1, 0, 0, 0, 2,
                                                              0, 0, 0, 0, 1, 0, 1,
                                                              2, 0, 1, 0, 0, 0, 2,
                                                              1, 0, 0, 2, 1, 1, 0,
                                                              0, 0, 1, 2, 0, 1, 0,
                                                              0, 1, 0, 0, 2, 0, 0,
                                                              0, 0, 2, 1, 2, 2, 1]},
    
    {"rows": 7, "columns": 7, "board": [1, 2, 0, 0, 0, 2, 1,
                                                              0, 0, 0, 0, 0, 0, 0,
                                                              0, 1, 0, 0, 0, 1, 0,
                                                              0, 0, 0, 2, 0, 2, 2,
                                                              0, 1, 2, 1, 0, 2, 1,
                                                              0, 0, 2, 0, 1, 0, 1,
                                                              1, 2, 0, 0, 0, 0, 1,]},
    
    {"rows": 7, "columns": 7, "board": [2, 1, 2, 0, 0, 0, 0,      // level 75
                                                              1, 0, 0, 0, 2, 1, 0,
                                                              0, 0, 1, 1, 0, 0, 1,
                                                              0, 2, 1, 1, 2, 2, 2,
                                                              0, 2, 2, 2, 0, 1, 0,
                                                              1, 0, 0, 0, 1, 0, 0,
                                                              0, 0, 0, 0, 0, 0, 0,]},
    
    {"rows": 7, "columns": 7, "board": [0, 2, 1, 1, 0, 0, 0,
                                                              0, 0, 0, 2, 0, 2, 0,
                                                              0, 1, 0, 0, 1, 2, 0,
                                                              2, 0, 1, 0, 0, 0, 0,
                                                              1, 0, 0, 0, 2, 1, 0,
                                                              2, 2, 0, 1, 0, 0, 0,
                                                              0, 1, 0, 2, 2, 1, 0,]},
    
    {"rows": 7, "columns": 7, "board": [0, 0, 0, 1, 0, 1, 2,
                                                              0, 0, 0, 0, 2, 0, 2,
                                                              1, 0, 0, 1, 1, 0, 0,
                                                              0, 2, 2, 0, 0, 0, 2,
                                                              0, 0, 1, 0, 1, 2, 1,
                                                              2, 2, 1, 0, 0, 0, 2,
                                                              1, 0, 0, 0, 0, 1, 0,]},
    
    {"rows": 7, "columns": 7, "board": [0, 0, 0, 1, 2, 1, 2,
                                                              1, 1, 0, 0, 0, 2, 1,
                                                              2, 1, 2, 1, 0, 0, 0,
                                                              0, 0, 0, 1, 1, 0, 0,
                                                              0, 0, 0, 1, 1, 0, 2,
                                                              0, 0, 2, 0, 2, 0, 1,
                                                              0, 0, 1, 0, 0, 2, 2,
                                                              0, 0, 0, 0, 0, 0, 0,]},
    
    {"rows": 7, "columns": 7, "board": [0, 0, 0, 2, 1, 0, 0,
                                                              0, 2, 1, 2, 0, 1, 0,
                                                              1, 1, 0, 2, 2, 0, 0,
                                                              2, 0, 1, 1, 0, 0, 0,
                                                              1, 0, 0, 0, 2, 1, 0,
                                                              0, 2, 0, 1, 0, 2, 2,
                                                              0, 0, 1, 0, 0, 0, 1,]},
    
    {"rows": 7, "columns": 7, "board": [0, 0, 0, 1, 0, 2, 1,      // 82
                                                              0, 0, 2, 0, 0, 0, 2,
                                                              0, 1, 0, 0, 1, 0, 0,
                                                              2, 0, 1, 2, 0, 0, 0,
                                                              1, 0, 0, 2, 1, 1, 0,
                                                              2, 0, 0, 2, 0, 2, 0,
                                                              1, 0, 1, 0, 0, 2, 1,]},
    
    {"rows": 7, "columns": 7, "board": [2, 1, 2, 2, 1, 2, 0,
                                                              0, 0, 2, 0, 0, 1, 0,
                                                              1, 0, 2, 1, 0, 0, 0,
                                                              0, 0, 1, 0, 0, 0, 0,
                                                              0, 2, 0, 2, 1, 0, 1,
                                                              0, 1, 0, 1, 0, 0, 2,
                                                              0, 0, 0, 0, 0, 1, 2,]},
    
    {"rows": 7, "columns": 7, "board": [1, 2, 2, 1, 0, 1, 0,
                                                              0, 0, 2, 2, 0, 0, 2,
                                                              0, 1, 0, 0, 1, 2, 1,
                                                              0, 0, 0, 0, 0, 0, 0,
                                                              0, 0, 0, 1, 0, 1, 0,
                                                              0, 0, 2, 0, 2, 0, 0,
                                                              0, 1, 0, 0, 2, 1, 2,]},

    {"rows": 7, "columns": 7, "board": [2, 1, 2, 0, 0, 0, 0,
                                                              0, 0, 0, 1, 0, 0, 1,
                                                              2, 1, 0, 0, 0, 2, 0,
                                                              1, 0, 0, 2, 1, 1, 0,
                                                              2, 2, 1, 0, 2, 0, 1,
                                                              0, 1, 0, 0, 1, 0, 2,
                                                              0, 0, 0, 0, 0, 0, 2,]},
    
    {"rows": 7, "columns": 7, "board": [2, 2, 1, 0, 0, 0, 0,
                                                              1, 0, 0, 0, 0, 0, 0,
                                                              2, 0, 1, 0, 1, 0, 2,
                                                              0, 1, 0, 2, 0, 1, 2,
                                                              0, 0, 1, 0, 0, 0, 1,
                                                              0, 2, 2, 0, 1, 0, 2,
                                                              0, 0, 0, 0, 0, 2, 1,]},
    
    {"rows": 7, "columns": 7, "board": [1, 0, 0, 0, 2, 0, 1,
                                                              2, 2, 1, 0, 1, 2, 0,
                                                              1, 0, 0, 2, 2, 0, 1,
                                                              0, 2, 0, 1, 0, 1, 0,
                                                              0, 1, 1, 0, 1, 0, 0,
                                                              0, 0, 0, 1, 1, 2, 2,
                                                              0, 0, 2, 0, 0, 0, 1,]},
    
    {"rows": 7, "columns": 7, "board": [0, 0, 0, 0, 0, 1, 0,
                                                              0, 1, 2, 0, 2, 2, 0,
                                                              0, 0, 2, 1, 1, 0, 0,
                                                              0, 1, 0, 0, 0, 0, 1,
                                                              0, 1, 2, 0, 0, 2, 2,
                                                              0, 0, 0, 1, 2, 0, 1,
                                                              1, 2, 0, 2, 1, 0, 0,]},
    
    {"rows": 7, "columns": 7, "board": [0, 0, 0, 0, 0, 2, 1,
                                                              1, 2, 0, 0, 1, 0, 0,
                                                              0, 2, 1, 2, 0, 0, 1,
                                                              0, 0, 1, 0, 0, 0, 2,
                                                              1, 2, 1, 0, 1, 1, 2,
                                                              2, 1, 0, 0, 2, 0, 1,
                                                              0, 0, 2, 1, 0, 0, 0,]},
    
    {"rows": 7, "columns": 7, "board": [2, 0, 0, 0, 1, 0, 2,      // skipping 91
                                                              2, 1, 1, 0, 2, 1, 0,
                                                              1, 2, 0, 1, 2, 1, 0,
                                                              0, 0, 0, 2, 0, 0, 0,
                                                              0, 0, 2, 1, 1, 0, 0,
                                                              0, 1, 2, 0, 0, 2, 0,
                                                              0, 0, 0, 0, 0, 0, 1,]},
    
    {"rows": 8, "columns": 8, "board": [0, 1, 1, 1, 1, 0, 0, 0,
                                                              0, 1, 2, 2, 1, 0, 0, 0,
                                                              0, 1, 2, 1, 1, 1, 0, 0,
                                                              0, 1, 1, 1, 2, 1, 0, 0,
                                                              0, 0, 0, 1, 1, 1, 0, 0,
                                                              1, 1, 1, 1, 2, 1, 0, 0,
                                                              1, 2, 1, 2, 1, 1, 1, 1,
                                                              2, 1, 1, 1, 1, 2, 1, 2,]},
    
    
];

let levelThree = [ //22

    {"rows": 7, "columns": 7, "board": [0, 2, 2, 0, 2, 0, 2,       // Starting with level 42
                                                             0, 1, 1, 1, 1, 1, 2,
                                                             0, 1, 0, 2, 2, 1, 2,
                                                             0, 0, 2, 1, 0, 0, 0,
                                                             0, 1, 0, 2, 2, 1, 2,
                                                             0, 1, 1, 1, 1, 1, 2,
                                                             0, 2, 0, 0, 0, 2, 0,]},
    
    {"rows": 7, "columns": 7, "board": [1, 2, 0, 1, 0, 2, 1,
                                                             2, 1, 0, 2, 0, 1, 2,
                                                             2, 2, 1, 2, 1, 0, 0,
                                                             1, 2, 0, 2, 2, 0, 1,
                                                             2, 2, 1, 2, 1, 0, 2,
                                                             2, 1, 2, 0, 0, 1, 2,
                                                             1, 2, 0, 1, 2, 2, 1,]},
    
    {"rows": 7, "columns": 7, "board": [1, 2, 2, 2, 2, 2, 1,
                                                             0, 2, 1, 2, 1, 2, 2,
                                                             0, 1, 0, 2, 2, 1, 0,
                                                             0, 0, 2, 1, 2, 0, 0,
                                                             2, 1, 2, 2, 0, 1, 2,
                                                             0, 2, 1, 2, 1, 2, 2,
                                                             1, 2, 2, 2, 0, 2, 1,]},
    
    {"rows": 7, "columns": 7, "board": [0, 2, 0, 1, 2, 2, 1,
                                                             0, 1, 1, 0, 0, 1, 2,
                                                             2, 1, 1, 2, 1, 0, 2,
                                                             1, 2, 2, 0, 2, 0, 1,
                                                             2, 2, 1, 2, 1, 1, 0,
                                                             2, 1, 0, 0, 1, 1, 2,
                                                             1, 2, 0, 1, 2, 2, 0,]},

    {"rows": 7, "columns": 7, "board": [2, 1, 2, 0, 1, 2, 2,
                                                             0, 1, 0, 0, 2, 1, 0,
                                                             0, 1, 1, 2, 1, 0, 1,
                                                             2, 2, 0, 2, 2, 0, 2,
                                                             1, 0, 1, 2, 1, 1, 0,
                                                             2, 1, 0, 2, 2, 1, 0,
                                                             0, 0, 1, 0, 0, 1, 0,]},
    
    {"rows": 7, "columns": 7, "board": [1, 2, 2, 1, 0, 0, 0,       // level 61
                                                             2, 1, 2, 2, 1, 2, 2,
                                                             0, 2, 1, 2, 0, 1, 2,
                                                             1, 1, 0, 2, 1, 1, 1,
                                                             0, 1, 2, 2, 0, 0, 2,
                                                             0, 1, 0, 1, 2, 1, 2,
                                                             1, 2, 1, 0, 1, 2, 1,]},
    
    {"rows": 7, "columns": 7, "board": [2, 2, 2, 1, 0, 0, 0,
                                                             0, 0, 0, 1, 1, 0, 1,
                                                             0, 1, 0, 0, 2, 0, 2,
                                                             0, 1, 2, 1, 2, 1, 0,
                                                             0, 0, 0, 0, 0, 1, 0,
                                                             0, 1, 2, 0, 1, 0, 0,
                                                             0, 0, 2, 1, 0, 2, 1,]},
    
    {"rows": 7, "columns": 7, "board": [0, 0, 0, 0, 0, 2, 1,
                                                             0, 1, 0, 0, 1, 0, 2,
                                                             0, 0, 2, 0, 0, 1, 1,
                                                             1, 2, 1, 0, 2, 0, 0,
                                                             0, 2, 1, 1, 0, 1, 0,
                                                             2, 2, 0, 0, 0, 0, 0,
                                                             1, 0, 1, 2, 1, 2, 0,]},
    
    {"rows": 7, "columns": 7, "board": [0, 0, 1, 2, 1, 0, 1,
                                                             0, 2, 0, 0, 0, 2, 0,
                                                             1, 0, 2, 1, 0, 0, 1,
                                                             0, 0, 2, 1, 0, 1, 0,
                                                             0, 1, 0, 2, 2, 1, 0,
                                                             2, 0, 1, 0, 0, 0, 1,
                                                             1, 0, 0, 0, 0, 2, 2,]},
    
    {"rows": 7, "columns": 7, "board": [0, 2, 1, 2, 1, 0, 2,
                                                              1, 0, 2, 0, 0, 0, 1,
                                                              0, 0, 1, 1, 0, 2, 0,
                                                              1, 2, 0, 0, 1, 1, 0,
                                                              2, 0, 1, 2, 0, 0, 0,
                                                              1, 0, 0, 0, 1, 0, 2,
                                                              0, 0, 2, 0, 0, 0, 1,]},
    
    {"rows": 7, "columns": 7, "board": [0, 0, 1, 0, 0, 2, 1,
                                                              2, 2, 0, 0, 0, 0, 0,
                                                              1, 0, 1, 0, 2, 2, 1,
                                                              2, 0, 0, 0, 1, 2, 0,
                                                              0, 1, 0, 1, 0, 2, 0,
                                                              0, 0, 2, 0, 1, 0, 1,
                                                              2, 1, 0, 1, 0, 0, 0,]},
    
    {"rows": 7, "columns": 7, "board": [1, 0, 2, 1, 2, 0, 0,
                                                              2, 0, 0, 0, 1, 0, 1,
                                                              0, 1, 1, 0, 0, 2, 0,
                                                              1, 0, 1, 2, 1, 0, 0,
                                                              0, 2, 0, 0, 0, 2, 0,
                                                              1, 0, 1, 0, 2, 0, 1,
                                                              2, 0, 0, 1, 2, 0, 0,]},
    
    {"rows": 7, "columns": 7, "board": [2, 0, 0, 0, 0, 1, 2,
                                                              1, 0, 1, 0, 1, 0, 2,
                                                              2, 0, 1, 2, 2, 0, 0,
                                                              0, 1, 0, 1, 0, 0, 0,
                                                              0, 0, 0, 1, 0, 1, 2,
                                                              0, 0, 2, 0, 0, 2, 1,
                                                              0, 1, 2, 1, 0, 0, 0,]},
    
    {"rows": 7, "columns": 7, "board": [0, 1, 2, 0, 0, 0, 0,
                                                              2, 2, 0, 1, 2, 0, 0,
                                                              1, 1, 0, 0, 2, 1, 0,
                                                              0, 0, 1, 0, 0, 0, 0,
                                                              0, 2, 0, 0, 1, 2, 0,
                                                              1, 1, 2, 0, 0, 2, 1,
                                                              0, 0, 2, 1, 0, 0, 0,]},
    
    {"rows": 7, "columns": 7, "board": [2, 1, 1, 0, 0, 0, 0,
                                                              0, 2, 2, 0, 1, 0, 0,
                                                              1, 0, 0, 2, 0, 2, 1,
                                                              0, 0, 1, 0, 0, 2, 1,
                                                              0, 2, 1, 1, 0, 1, 0,
                                                              1, 2, 0, 0, 2, 0, 2,
                                                              0, 0, 0, 0, 1, 1, 0,]},
    
    {"rows": 8, "columns": 8, "board": [2, 1, 1, 0, 0, 1, 0, 2,       // 48
                                                              0, 2, 2, 0, 1, 0, 2, 1,
                                                              1, 2, 0, 1, 0, 2, 2, 1,
                                                              2, 1, 2, 0, 0, 1, 2, 2,
                                                              2, 2, 1, 2, 2, 2, 1, 2,
                                                              1, 2, 2, 2, 1, 0, 2, 1,
                                                              1, 0, 2, 1, 0, 2, 2, 2,
                                                              2, 0, 1, 2, 2, 1, 1, 2,]},
    
    {"rows": 8, "columns": 8, "board": [2, 2, 1, 0, 0, 1, 2, 0,
                                                              0, 1, 0, 2, 1, 2, 1, 2,
                                                              0, 1, 2, 1, 2, 2, 1, 0,
                                                              1, 0, 2, 2, 1, 1, 0, 1,
                                                              1, 2, 1, 1, 2, 0, 2, 1,
                                                              2, 1, 2, 0, 1, 2, 1, 2,
                                                              2, 1, 0, 1, 2, 2, 1, 2,
                                                              2, 2, 1, 0, 0, 1, 2, 2,]},
    
    {"rows": 8, "columns": 8, "board": [0, 0, 0, 0, 2, 1, 2, 0,
                                                              1, 0, 1, 1, 2, 2, 1, 0,
                                                              2, 1, 2, 2, 1, 2, 0, 1,
                                                              2, 2, 1, 1, 2, 0, 1, 2,
                                                              2, 1, 0, 2, 1, 1, 0, 2,
                                                              1, 2, 0, 1, 2, 0, 1, 2,
                                                              0, 1, 2, 2, 1, 1, 0, 1,
                                                              0, 2, 1, 2, 0, 0, 0, 2,]},
    
    {"rows": 8, "columns": 8, "board": [1, 2, 0, 2, 1, 0, 1, 0,
                                                              2, 1, 2, 1, 2, 2, 0, 1,
                                                              2, 2, 1, 2, 0, 1, 2, 0,
                                                              1, 0, 2, 2, 1, 2, 1, 2,
                                                              0, 1, 0, 1, 0, 2, 2, 1,
                                                              0, 2, 1, 2, 2, 1, 0, 0,
                                                              1, 2, 2, 2, 1, 2, 1, 2,
                                                              0, 1, 2, 1, 0, 2, 2, 1,]},
    
    {"rows": 8, "columns": 8, "board": [2, 1, 2, 1, 0, 2, 1, 0,   // 62
                                                              1, 0, 1, 2, 1, 2, 2, 1,
                                                              0, 2, 2, 1, 0, 2, 1, 1,
                                                              1, 2, 0, 0, 2, 1, 2, 0,
                                                              2, 1, 1, 2, 0, 2, 2, 1,
                                                              0, 1, 2, 1, 2, 1, 1, 2,
                                                              1, 0, 0, 1, 0, 1, 0, 2,
                                                              2, 2, 0, 0, 1, 2, 1, 0,]},
    
    {"rows": 8, "columns": 8, "board": [0, 0, 2, 1, 1, 0, 0, 0,
                                                              0, 0, 1, 0, 0, 1, 2, 2,
                                                              0, 1, 0, 0, 2, 0, 1, 2,
                                                              1, 2, 2, 1, 1, 0, 0, 1,
                                                              1, 2, 0, 1, 1, 2, 2, 1,
                                                              2, 1, 0, 0, 2, 0, 1, 2,
                                                              0, 0, 1, 0, 2, 1, 0, 2,
                                                              0, 0, 2, 1, 1, 0, 0, 0,]},
    
    {"rows": 8, "columns": 8, "board": [2, 2, 0, 1, 1, 2, 2, 2,   // 47
                                                              0, 1, 1, 0, 2, 1, 1, 2,
                                                              2, 1, 2, 0, 2, 0, 1, 2,
                                                              1, 2, 2, 1, 1, 2, 0, 1,
                                                              1, 2, 0, 1, 1, 0, 0, 1,
                                                              2, 1, 0, 2, 2, 0, 1, 2,
                                                              2, 1, 1, 0, 2, 1, 1, 2,
                                                              2, 0, 2, 1, 1, 0, 0, 0,]},
    
];

let levelFour = [ //14
    
    {"rows": 9, "columns": 9, "board": [1, 2, 1, 2, 1, 0, 1, 2, 1,
                                                             2, 2, 0, 0, 1, 2, 2, 2, 0,
                                                             1, 0, 1, 2, 1, 0, 1, 2, 1,
                                                             0, 2, 2, 1, 2, 1, 2, 2, 2,
                                                             0, 1, 1, 0, 2, 2, 1, 1, 0,
                                                             2, 0, 2, 1, 0, 1, 2, 2, 0,
                                                             1, 0, 1, 2, 1, 0, 1, 0, 1,
                                                             2, 2, 0, 0, 1, 2, 2, 2, 2,
                                                             1, 2, 1, 0, 1, 0, 1, 2, 1,]},
    
    {"rows": 9, "columns": 9, "board": [1, 2, 0, 2, 1, 0, 2, 2, 1,
                                                             2, 1, 2, 1, 2, 1, 0, 1, 2,
                                                             0, 2, 1, 2, 0, 2, 1, 0, 2,
                                                             0, 1, 2, 1, 0, 1, 0, 1, 2,
                                                             1, 2, 2, 0, 0, 2, 2, 2, 1,
                                                             2, 1, 2, 1, 2, 1, 0, 1, 0,
                                                             0, 2, 1, 0, 2, 2, 1, 2, 2,
                                                             2, 1, 2, 1, 2, 1, 2, 1, 2,
                                                             1, 2, 0, 0, 1, 0, 2, 2, 1,]},
    
    {"rows": 9, "columns": 9, "board": [0, 1, 0, 2, 0, 2, 0, 1, 2,
                                                             0, 0, 2, 1, 1, 1, 2, 2, 0,
                                                             1, 1, 1, 2, 0, 2, 1, 1, 1,
                                                             2, 2, 2, 1, 2, 1, 0, 2, 2,
                                                             0, 1, 0, 1, 2, 1, 2, 1, 2,
                                                             0, 0, 2, 1, 0, 1, 0, 2, 2,
                                                             1, 1, 1, 2, 2, 0, 1, 1, 1,
                                                             0, 2, 0, 1, 1, 1, 0, 0, 2,
                                                             0, 1, 2, 0, 0, 0, 2, 1, 2,]},
    
    {"rows": 9, "columns": 9, "board": [2, 1, 2, 2, 1, 2, 0, 1, 0,
                                                             0, 0, 1, 0, 2, 1, 2, 0, 1,
                                                             1, 2, 2, 1, 0, 2, 1, 2, 2,
                                                             2, 1, 0, 0, 1, 2, 0, 1, 0,
                                                             2, 2, 1, 0, 2, 1, 2, 2, 1,
                                                             1, 0, 2, 1, 0, 2, 1, 2, 0,
                                                             2, 1, 2, 0, 1, 2, 2, 1, 2,
                                                             2, 2, 1, 2, 0, 1, 0, 2, 1,
                                                             1, 0, 2, 1, 2, 0, 1, 2, 0,]},
    
    {"rows": 9, "columns": 9, "board": [2, 0, 1, 2, 1, 2, 1, 0, 2,
                                                             1, 1, 2, 1, 1, 1, 2, 1, 1,
                                                             0, 1, 0, 0, 2, 2, 0, 1, 2,
                                                             2, 2, 1, 0, 1, 2, 1, 2, 0,
                                                             1, 2, 1, 0, 1, 2, 1, 0, 1,
                                                             0, 2, 1, 0, 1, 0, 1, 2, 2,
                                                             2, 1, 0, 0, 0, 2, 0, 1, 0,
                                                             1, 1, 2, 1, 1, 1, 2, 1, 1,
                                                             2, 0, 1, 2, 1, 0, 1, 0, 2,]},
    
    {"rows": 9, "columns": 9, "board": [0, 0, 2, 0, 0, 0, 0, 0, 0,
                                                             2, 1, 2, 1, 2, 1, 1, 2, 1,
                                                             0, 1, 0, 0, 2, 1, 0, 1, 2,
                                                             1, 2, 1, 1, 1, 2, 1, 2, 1,
                                                             0, 0, 0, 0, 2, 0, 0, 0, 2,
                                                             2, 1, 0, 1, 1, 1, 1, 2, 1,
                                                             1, 0, 0, 0, 0, 0, 2, 2, 0,
                                                             2, 2, 1, 1, 2, 2, 1, 2, 1,
                                                             0, 2, 1, 1, 1, 2, 0, 1, 2,]},
    
    {"rows": 10, "columns": 10, "board": [1, 2, 2, 2, 1, 1, 2, 2, 2, 1,
                                                               2, 1, 2, 1, 0, 2, 1, 2, 1, 2,
                                                               0, 2, 1, 2, 1, 2, 0, 1, 2, 2,
                                                               2, 1, 2, 0, 1, 0, 1, 2, 1, 0,
                                                               1, 2, 1, 1, 1, 2, 2, 0, 2, 1,
                                                               1, 2, 2, 2, 0, 1, 1, 1, 2, 1,
                                                               2, 1, 0, 1, 2, 1, 0, 2, 1, 0,
                                                               2, 2, 1, 0, 2, 1, 0, 1, 2, 2,
                                                               2, 1, 2, 1, 2, 2, 1, 0, 1, 2,
                                                               1, 2, 0, 2, 1, 1, 0, 2, 2, 1,]},
    
    {"rows": 10, "columns": 10, "board": [1, 0, 1, 2, 1, 2, 0, 2, 1, 1,
                                                               1, 2, 0, 1, 2, 0, 1, 1, 2, 0,
                                                               0, 1, 2, 0, 0, 1, 0, 2, 2, 1,
                                                               2, 1, 0, 0, 1, 2, 0, 0, 1, 2,
                                                               2, 2, 1, 0, 2, 2, 1, 0, 2, 1,
                                                               1, 2, 0, 1, 2, 2, 0, 1, 2, 2,
                                                               2, 1, 0, 2, 2, 1, 0, 0, 1, 2,
                                                               1, 0, 2, 2, 1, 2, 2, 0, 1, 0,
                                                               2, 0, 1, 1, 0, 2, 1, 2, 2, 1,
                                                               1, 1, 2, 0, 0, 1, 2, 1, 2, 1,]},
    
    {"rows": 10, "columns": 10, "board": [2, 1, 1, 2, 1, 0, 1, 0, 2, 2,
                                                               2, 1, 0, 0, 1, 2, 0, 2, 1, 1,
                                                               2, 0, 2, 1, 2, 1, 1, 2, 2, 1,
                                                               1, 2, 1, 2, 2, 1, 2, 1, 2, 2,
                                                               2, 2, 1, 1, 2, 0, 2, 2, 1, 1,
                                                               1, 1, 2, 0, 2, 2, 1, 1, 2, 2,
                                                               0, 2, 1, 0, 1, 2, 2, 1, 2, 1,
                                                               1, 2, 2, 1, 1, 2, 1, 2, 2, 2,
                                                               1, 1, 2, 2, 0, 1, 2, 2, 1, 0,
                                                               2, 2, 2, 1, 2, 1, 0, 1, 1, 0,]},
    
    {"rows": 10, "columns": 10, "board": [1, 0, 1, 0, 0, 1, 0, 2, 1, 0,
                                                                2, 0, 0, 1, 2, 0, 1, 0, 0, 2,
                                                                2, 2, 2, 0, 1, 1, 0, 1, 1, 0,
                                                                1, 0, 1, 0, 1, 0, 1, 2, 1, 0,
                                                                1, 0, 1, 2, 0, 0, 1, 1, 0, 2,
                                                                2, 2, 0, 0, 1, 2, 2, 0, 2, 1,
                                                                1, 2, 0, 0, 0, 1, 0, 0, 1, 0,
                                                                1, 1, 2, 1, 2, 0, 1, 2, 1, 2,
                                                                2, 2, 0, 1, 2, 0, 0, 2, 1, 0,
                                                                1, 2, 0, 1, 0, 1, 0, 0, 1, 0,]},
    
    {"rows": 10, "columns": 10, "board": [0, 0, 1, 2, 2, 0, 0, 0, 1, 2,   // india
                                                                2, 1, 0, 1, 1, 1, 1, 0, 0, 2,   // SetA/6B6-001
                                                                1, 2, 0, 0, 0, 2, 0, 1, 1, 2,
                                                                1, 0, 0, 2, 0, 1, 1, 1, 2, 1,
                                                                2, 0, 1, 0, 1, 2, 0, 1, 2, 0,
                                                                1, 0, 1, 2, 0, 0, 2, 0, 1, 0,
                                                                0, 2, 1, 0, 1, 2, 1, 1, 2, 0,
                                                                1, 0, 0, 0, 2, 1, 2, 2, 0, 0,
                                                                2, 2, 0, 0, 2, 0, 0, 1, 2, 1,
                                                                1, 0, 0, 1, 2, 1, 0, 0, 1, 2,]},
    
    {"rows": 10, "columns": 10, "board": [2, 2, 2, 2, 1, 0, 0, 0, 0, 0,
                                                                2, 1, 2, 1, 1, 2, 0, 0, 2, 0,
                                                                1, 1, 0, 2, 1, 0, 0, 1, 1, 1,
                                                                0, 2, 2, 1, 0, 0, 0, 1, 2, 2,
                                                                0, 1, 1, 1, 0, 0, 0, 1, 2, 1,
                                                                0, 0, 1, 2, 1, 1, 2, 1, 0, 0,
                                                                1, 2, 1, 2, 2, 1, 1, 1, 1, 0,
                                                                2, 1, 1, 1, 2, 1, 0, 2, 2, 0,
                                                                0, 0, 0, 0, 1, 1, 1, 1, 1, 0,
                                                                0, 0, 0, 0, 0, 2, 0, 0, 0, 0,]},
    
    {"rows": 10, "columns": 10, "board": [0, 1, 2, 0, 1, 0, 0, 0, 1, 0,   // Phil's 10x10
                                                                0, 2, 1, 1, 0, 2, 2, 1, 0, 2,
                                                                1, 2, 2, 0, 0, 1, 2, 2, 1, 2,
                                                                0, 0, 2, 0, 1, 2, 0, 1, 2, 1,
                                                                2, 1, 2, 0, 0, 1, 1, 0, 0, 0,
                                                                0, 2, 2, 0, 2, 2, 1, 2, 1, 2,
                                                                0, 1, 1, 1, 1, 0, 0, 0, 0, 2,
                                                                2, 0, 2, 0, 1, 2, 2, 1, 0, 1,
                                                                0, 1, 1, 0, 0, 0, 1, 2, 0, 0,
                                                                1, 0, 0, 0, 0, 1, 2, 2, 2, 1,]},
    
    {"rows": 10, "columns": 10, "board": [1, 2, 1, 0, 0, 1, 0, 0, 0, 0,   // 11
                                                                0, 0, 2, 0, 2, 2, 0, 1, 1, 0,
                                                                1, 1, 0, 0, 1, 0, 0, 0, 2, 2,
                                                                2, 0, 1, 2, 1, 1, 2, 2, 0, 1,
                                                                0, 1, 0, 1, 2, 1, 1, 1, 0, 2,
                                                                0, 1, 1, 2, 0, 0, 2, 1, 0, 0,
                                                                2, 2, 0, 2, 0, 0, 0, 1, 2, 0,
                                                                1, 0, 0, 2, 0, 1, 0, 2, 1, 2,
                                                                2, 1, 2, 1, 0, 2, 2, 0, 0, 1,
                                                                1, 0, 1, 1, 0, 1, 1, 2, 1, 2,]},
    
];

let bonusLevels = [ //20

    {"rows": 4, "columns": 10, "board": [0, 0, 0, 1, 1, 2, 1, 1, 0, 2,     // apr2
                                                              2, 1, 1, 2, 0, 0, 0, 2, 1, 1,
                                                              1, 0, 0, 0, 1, 0, 2, 1, 1, 0,
                                                              2, 1, 2, 1, 0, 2, 1, 2, 0, 0,]},
    
    {"rows": 6, "columns": 6, "board": [0, 1, 2, 0, 1, 0,                  // mar11
                                                             1, 0, 0, 1, 2, 1,
                                                             2, 1, 0, 0, 2, 2,
                                                             2, 1, 2, 2, 1, 1,
                                                             1, 2, 0, 0, 1, 0,
                                                             0, 1, 1, 2, 2, 2,]},
    
    {"rows": 6, "columns": 6, "board": [2, 1, 1, 0, 2, 1,  // mar11-2
                                                             0, 2, 0, 2, 1, 2,
                                                             1, 2, 0, 1, 0, 0,
                                                             2, 1, 0, 2, 1, 2,
                                                             1, 2, 2, 1, 2, 1,
                                                             0, 0, 0, 1, 1, 0,]},
    
    {"rows": 9, "columns": 9, "board": [0, 1, 0, 2, 2, 1, 1, 1, 0, // mar11-3
                                                             0, 2, 1, 2, 1, 2, 1, 2, 1,
                                                             1, 0, 1, 1, 2, 0, 1, 2, 0,
                                                             1, 2, 2, 2, 1, 2, 1, 0, 2,
                                                             0, 1, 2, 0, 1, 0, 1, 2, 1,
                                                             2, 0, 0, 1, 1, 2, 0, 2, 1,
                                                             0, 1, 1, 0, 2, 1, 1, 0, 0,
                                                             1, 0, 1, 2, 2, 1, 0, 1, 2,
                                                             0, 0, 0, 2, 2, 1, 0, 1, 2,]},
    
    {"rows": 6, "columns": 6, "board": [0, 1, 2, 2, 0, 1,  // mar12
                                                             1, 0, 1, 2, 1, 2,
                                                             2, 2, 1, 1, 1, 0,
                                                             0, 2, 0, 2, 1, 0,
                                                             0, 1, 2, 1, 0, 2,
                                                             1, 2, 1, 2, 1, 2,]},
    
    {"rows": 5, "columns": 7, "board": [2, 1, 2, 0, 1, 0, 2,   // mar12-2
                                                             0, 0, 1, 1, 2, 1, 0,
                                                             2, 1, 0, 0, 0, 1, 0,
                                                             0, 1, 1, 1, 0, 1, 0,
                                                             0, 1, 2, 2, 1, 2, 1,]},
    
    {"rows": 6, "columns": 6, "board": [2, 1, 0, 0, 1, 2,  // mar12-random
                                                             1, 0, 0, 1, 0, 0,
                                                             0, 0, 1, 2, 1, 2,
                                                             2, 1, 1, 0, 0, 0,
                                                             1, 2, 1, 2, 1, 1,
                                                             2, 1, 0, 1, 0, 2,]},
    
    {"rows": 6, "columns": 6, "board": [0, 1, 0, 2, 1, 0,  // mar14
                                                             1, 2, 0, 1, 0, 1,
                                                             1, 2, 2, 0, 2, 2,
                                                             2, 1, 2, 2, 1, 1,
                                                             1, 0, 1, 0, 0, 2,
                                                             2, 2, 2, 1, 1, 0,]},
    
    {"rows": 10, "columns": 10, "board": [0, 1, 0, 2, 1, 1, 0, 1, 0, 0,    // mar15
                                                               1, 0, 2, 1, 2, 2, 2, 2, 1, 1,
                                                               2, 0, 2, 1, 0, 2, 1, 0, 2, 2,
                                                               2, 0, 1, 1, 0, 1, 1, 1, 2, 0,
                                                               1, 1, 0, 1, 0, 2, 1, 2, 1, 0,
                                                               0, 1, 2, 0, 0, 1, 2, 1, 2, 1,
                                                               2, 2, 2, 2, 1, 1, 2, 1, 0, 0,
                                                               1, 0, 1, 2, 1, 0, 0, 2, 1, 1,
                                                               0, 1, 0, 1, 2, 0, 0, 0, 1, 2,
                                                               1, 2, 2, 0, 1, 1, 1, 2, 0, 1,]},
    
    {"rows": 6, "columns": 6, "board": [2, 2, 0, 1, 2, 1,     // mar26
                                                              2, 1, 1, 0, 2, 1,
                                                              1, 0, 1, 0, 2, 2,
                                                              2, 1, 2, 2, 2, 1,
                                                              1, 0, 0, 1, 1, 0,
                                                              2, 1, 2, 2, 2, 2,]},
    
    {"rows": 6, "columns": 6, "board": [0, 2, 1, 0, 0, 0,     // mar26-2
                                                              0, 1, 0, 1, 1, 0,
                                                              1, 2, 0, 1, 2, 2,
                                                              0, 1, 0, 0, 1, 0,
                                                              1, 1, 1, 1, 2, 1,
                                                              0, 2, 0, 0, 2, 0,]},
    
    {"rows": 6, "columns": 6, "board": [2, 1, 1, 0, 1, 0,     // mar27
                                                              0, 1, 2, 1, 0, 2,
                                                              2, 1, 0, 2, 1, 0,
                                                              2, 2, 2, 2, 2, 1,
                                                              2, 0, 1, 2, 0, 1,
                                                              2, 1, 2, 2, 1, 2,]},
    
    {"rows": 5, "columns": 5, "board": [2, 2, 1, 1, 1,    // original app
                                                              1, 2, 2, 0, 2,
                                                              2, 0, 1, 2, 1,
                                                              0, 2, 0, 0, 1,
                                                              1, 0, 1, 1, 2,]},
    
    {"rows": 6, "columns": 6, "board": [0, 0, 0, 2, 2, 2,     // india
                                                              1, 2, 2, 1, 1, 2,     // SetA/6B6-011
                                                              2, 0, 1, 0, 0, 2,
                                                              1, 1, 1, 2, 1, 2,
                                                              2, 0, 0, 2, 2, 2,
                                                              2, 2, 1, 1, 2, 1,]},
    
    {"rows": 6, "columns": 6, "board": [2, 2, 0, 0, 0, 1,     // india
                                                              2, 2, 1, 1, 2, 2,     // SetB / 001
                                                              1, 1, 0, 2, 2, 1,
                                                              2, 2, 1, 2, 1, 2,
                                                              2, 2, 2, 0, 1, 1,
                                                              2, 1, 2, 1, 2, 1,]},
    
    {"rows": 6, "columns": 6, "board": [2, 0, 1, 0, 1, 2,     // b / 005
                                                              2, 2, 2, 2, 1, 2,
                                                              1, 2, 2, 1, 2, 0,
                                                              1, 2, 1, 1, 2, 1,
                                                              0, 2, 2, 2, 0, 2,
                                                              1, 1, 1, 1, 1, 1,]},
    
    {"rows": 6, "columns": 6, "board": [0, 2, 0, 1, 0, 0,     // b 007
                                                              2, 2, 1, 2, 1, 1,
                                                              1, 2, 2, 2, 2, 1,
                                                              1, 2, 2, 2, 1, 1,
                                                              0, 2, 2, 1, 0, 1,
                                                              1, 2, 1, 2, 2, 2,]},
    
    {"rows": 6, "columns": 6, "board": [2, 0, 0, 2, 1, 2,     // b 00 8
                                                              2, 2, 1, 2, 2, 1,
                                                              1, 2, 0, 0, 0, 2,
                                                              1, 2, 1, 1, 2, 1,
                                                              1, 2, 1, 2, 1, 1,
                                                              2, 2, 2, 2, 2, 1,]},
    
    {"rows": 10, "columns": 10, "board": [0, 2, 1, 0, 1, 0, 2, 1, 0, 0,
                                                                2, 1, 0, 1, 2, 0, 1, 0, 1, 0,
                                                                1, 0, 1, 1, 2, 1, 0, 2, 0, 2,
                                                                0, 1, 2, 2, 1, 0, 0, 1, 1, 0,
                                                                1, 2, 2, 1, 2, 0, 1, 1, 0, 0,
                                                                1, 2, 1, 0, 0, 0, 1, 0, 0, 0,
                                                                1, 2, 2, 1, 2, 1, 1, 1, 2, 1,
                                                                0, 0, 0, 1, 0, 0, 2, 0, 0, 1,
                                                                0, 1, 2, 1, 0, 1, 2, 0, 1, 0,
                                                                0, 1, 0, 2, 0, 0, 1, 2, 0, 0,]},
    
    {"rows": 8, "columns": 8, "board": [2, 1, 0, 2, 0, 1, 0, 0,
                                                              1, 0, 1, 1, 0, 1, 2, 1,
                                                              2, 0, 1, 2, 0, 2, 0, 1,
                                                              0, 1, 2, 0, 1, 0, 2, 0,
                                                              1, 2, 2, 0, 1, 2, 1, 0,
                                                              1, 1, 2, 2, 0, 1, 2, 1,
                                                              1, 0, 2, 1, 0, 1, 1, 0,
                                                              2, 0, 1, 1, 0, 0, 0, 0,]},
    
];
